P0 0.0 0.9285581111907959 0.0 0.8797406196594239
P1 1.8212370872497559 2.677560806274414 1.7594812393188477 2.6392218589782717
P2 3.6511266231536865 4.536062002182007 3.5189624786376954 4.398703098297119
P3 5.491608381271362 6.361035108566284 5.278443717956543 6.1581843376159675
P4 7.261260509490967 8.153340339660645 7.037924957275391 7.917665576934815
P5 9.071005582809448 9.914992094039917 8.797406196594238 9.677146816253662
P6 10.762141227722168 11.632896661758423 10.556887435913087 11.43662805557251
P7 12.543126821517944 13.44081425666809 12.316368675231935 13.196109294891357
P8 14.34150743484497 15.204059362411499 14.075849914550782 14.955590534210206
P9 16.147669792175293 17.03877091407776 15.83533115386963 16.715071773529054
