[ 2964.704852] [Project1] 3563 1587913237.788946937 1587913238.689708682
[ 2966.617493] [Project1] 3564 1587913239.653768432 1587913240.602379973
[ 2968.490155] [Project1] 3565 1587913241.527672254 1587913242.475069833
[ 2970.369834] [Project1] 3566 1587913243.410673832 1587913244.354777895
[ 2972.301127] [Project1] 3567 1587913245.369537683 1587913246.286101344
[ 2974.299218] [Project1] 3568 1587913247.313664514 1587913248.284223418
[ 2976.248025] [Project1] 3569 1587913249.239016884 1587913250.233061036
[ 2978.154438] [Project1] 3570 1587913251.155052162 1587913252.139502911
[ 2979.886815] [Project1] 3571 1587913252.935325766 1587913253.871907174
[ 2981.698842] [Project1] 3572 1587913254.730207880 1587913255.683961923
