[12654.070047] [Project1] 3453 1587748083.746859392 1587748084.615450905
[12655.885898] [Project1] 3454 1587748085.559873623 1587748086.431308099
[12657.688662] [Project1] 3455 1587748087.347185316 1587748088.234079708
[12659.390704] [Project1] 3456 1587748089.163851375 1587748089.936125402
[12661.296105] [Project1] 3457 1587748090.974724430 1587748091.841535872
[12663.105046] [Project1] 3458 1587748092.760839449 1587748093.650483514
[12664.946944] [Project1] 3459 1587748094.600815288 1587748095.492388042
[12666.758875] [Project1] 3460 1587748096.422422537 1587748097.304326564
[12668.466417] [Project1] 3461 1587748098.173348756 1587748099.011874679
[12670.239469] [Project1] 3462 1587748099.926567510 1587748100.784933888
