0.001887527847290039
P1 0.0 5.421077728271484 0.0 5.662583541870117
P4 5.593372583389282 5.615390777587891 5.662583541870117 5.681458820343018
P5 5.61559534072876 5.633410930633545 5.681458820343018 5.700334098815918
P6 5.6343674659729 13.07970118522644 5.700334098815918 13.250445487976075
P7 13.121057271957397 20.787232875823975 13.250445487976075 20.80055687713623
P2 20.787445783615112 29.97485661506653 20.80055687713623 30.238196113586426
P3 30.00137233734131 43.06590795516968 30.238196113586426 43.4508910446167
P8 43.09540247917175 60.44190764427185 43.4508910446167 60.43864167022705
total error = 1.2101538906097407
