0.0018993655681610107
P0 0.0 0.9007618427276611 0.0 0.9496827840805053
P1 1.8648216724395752 2.8134331703186035 1.8993655681610107 2.849048352241516
P2 3.738725423812866 4.686122894287109 3.7987311363220213 4.748413920402527
P3 5.621726989746094 6.565830945968628 5.698096704483032 6.647779488563538
P4 7.580590724945068 8.497154474258423 7.597462272644043 8.547145056724549
P5 9.524717569351196 10.49527645111084 9.496827840805054 10.446510624885558
P6 11.450069904327393 12.444114208221436 11.396193408966065 12.34587619304657
P7 13.366105318069458 14.350556135177612 13.295558977127076 14.24524176120758
P8 15.146378993988037 16.08296036720276 15.194924545288085 16.14460732936859
P9 16.941261053085327 17.895015001296997 17.094290113449098 18.043972897529603
total error = 0.7416893482208267
