[ 4001.682212] [Project1] 2881 1588009413.381417035 1588009414.268997815
[ 4003.573105] [Project1] 2882 1588009415.218454734 1588009416.159887005
[ 4005.356058] [Project1] 2883 1588009416.989620519 1588009417.942836234
[ 4007.298632] [Project1] 2884 1588009418.938329459 1588009419.885408240
[ 4009.050723] [Project1] 2885 1588009420.722160020 1588009421.637497173
[ 4010.945160] [Project1] 2886 1588009422.607945987 1588009423.531932927
[ 4012.865213] [Project1] 2887 1588009424.500113745 1588009425.451982732
[ 4014.737661] [Project1] 2888 1588009426.356899100 1588009427.324433252
[ 4016.691490] [Project1] 2889 1588009428.307017645 1588009429.278262653
[ 4018.458603] [Project1] 2890 1588009430.129493369 1588009431.045377411
